# HAT-P-41b transmission spectrum (Wakeford et al. 2020, AJ)
# Analysis: Instrument Systematic Marginalisation, Jitter decorrelation 
# Combined information from +/- spectral orders and 2 transits.
# ------------------------------------------------------------------
# Wavelength center (nm), Marg (%), Marg err, Jitter (%), Jitter err
# ------------------------------------------------------------------
       205    1.07731    0.14700    0.71718    0.09469
       215    1.04749    0.09769    1.10040    0.07894
       225    1.11641    0.06163    1.04616    0.06355
       235    0.95137    0.08046    0.94797    0.05833
       245    1.09086    0.03881    1.04788    0.05435
       255    0.93706    0.08189    0.98717    0.05082
       265    1.05554    0.07504    1.01539    0.03792
       275    0.92522    0.06059    1.01556    0.04516
       285    0.95923    0.04902    0.97523    0.03401
       295    1.00307    0.02041    1.00242    0.02578
       305    1.06577    0.01350    1.03449    0.02395
       315    0.99512    0.02188    0.97180    0.02567
       325    1.05841    0.01795    1.01076    0.01979
       335    0.98227    0.01837    1.00338    0.01746
       345    0.99562    0.01689    0.98657    0.02122
       355    1.03245    0.01882    0.99715    0.02232
       365    1.00155    0.01805    1.00064    0.01927
       375    1.00250    0.01921    1.01414    0.02044
       385    1.04525    0.01217    0.99727    0.01692
       395    0.93250    0.03636    1.03279    0.02120
       405    1.03092    0.01341    1.02334    0.01455
       415    1.01568    0.01890    1.00675    0.01593
       425    1.03996    0.01103    1.01964    0.01239
       435    1.02160    0.00993    1.03207    0.01504
       445    1.02758    0.01111    1.01087    0.01519
       455    1.03755    0.01292    1.03748    0.01523
       465    1.03632    0.00862    1.04188    0.01242
       475    1.03320    0.01313    1.01325    0.01207
       485    1.02089    0.01256    1.02408    0.01507
       495    1.04370    0.01210    1.02236    0.01338
       505    1.03363    0.01274    1.00958    0.01437
       515    1.06672    0.01122    1.03961    0.01399
       525    1.02409    0.01215    1.01568    0.01591
       535    1.03226    0.00823    1.03075    0.01383
       545    1.05347    0.01105    1.04898    0.01551
       555    1.04829    0.01132    1.06219    0.01434
       565    1.04683    0.01666    1.02657    0.01682
       575    1.03509    0.01478    0.98730    0.01769
       585    1.07381    0.01539    1.05872    0.01698
       595    1.04651    0.01203    1.04453    0.01652
       605    1.04134    0.01189    1.03169    0.01478
       615    1.03707    0.01348    1.00632    0.01922
       625    1.01444    0.01252    0.98434    0.01837
       635    1.01662    0.01658    1.02845    0.01979
       645    1.02919    0.01724    1.00875    0.01949
       655    1.06727    0.01847    1.05593    0.02030
       665    1.00227    0.01846    1.02700    0.02128
       675    1.03065    0.01782    1.03617    0.02138
       685    1.01072    0.01601    0.94646    0.02119
       695    1.01402    0.02043    1.00378    0.02471
       705    1.07414    0.01838    1.07324    0.02316
       715    1.03237    0.02539    0.99668    0.02136
       725    1.04279    0.02215    1.03922    0.02722
       735    1.02738    0.01973    1.03978    0.02539
       745    1.04238    0.01927    1.01427    0.03020
       755    1.04771    0.02398    1.02146    0.02712
       765    1.06149    0.01834    0.98611    0.03130
       775    1.05751    0.02014    1.09123    0.02938
       785    1.10846    0.02307    1.10165    0.03805
